helmet 0.372062 47 240 63 254
helmet 0.516473 130 191 155 221
helmet 0.870456 245 114 284 157
helmet 0.373532 47 244 55 255
head 0.395431 71 243 80 254
head 0.467397 60 247 67 256
helmet 0.628099 54 244 62 256
helmet 0.666532 94 241 104 253
helmet 0.671888 71 243 80 254
helmet 0.882074 245 110 285 157
helmet 0.886908 131 189 154 218
helmet 0.932596 422 0 500 70
1 0.102 0.744776 0.016 0.0328358 0.373532
0 0.151 0.741791 0.018 0.0328358 0.395431
0 0.127 0.750746 0.014 0.0268657 0.467397
1 0.116 0.746269 0.016 0.0358209 0.628099
1 0.198 0.737313 0.02 0.0358209 0.666532
1 0.151 0.741791 0.018 0.0328358 0.671888
1 0.53 0.398507 0.08 0.140299 0.882074
1 0.285 0.607463 0.046 0.0865672 0.886908
1 0.922 0.104478 0.156 0.208955 0.932596
1 0.102 0.744776 0.016 0.0328358 0.373532
0 0.151 0.741791 0.018 0.0328358 0.395431
0 0.127 0.750746 0.014 0.0268657 0.467397
1 0.116 0.746269 0.016 0.0358209 0.628099
1 0.198 0.737313 0.02 0.0358209 0.666532
1 0.151 0.741791 0.018 0.0328358 0.671888
1 0.53 0.398507 0.08 0.140299 0.882074
1 0.285 0.607463 0.046 0.0865672 0.886908
1 0.922 0.104478 0.156 0.208955 0.932596
