head 0.797898 215 403 322 480
helmet 0.340044 202 401 360 480
helmet 0.282423 190 402 368 480
head 0.258498 165 135 387 337
helmet 0.300204 154 136 382 384
head 0.367274 178 131 261 225
head 0.404075 276 138 353 218
helmet 0.396912 183 39 363 375
head 0.502244 189 36 370 376
head 0.315979 206 42 383 342
helmet 0.590003 208 41 385 345
helmet 0.338853 183 60 365 352
head 0.524215 195 56 369 351
helmet 0.705167 199 50 375 354
helmet 0.634842 259 50 441 352
helmet 0.714661 97 6 313 317
head 0.282908 80 199 292 394
helmet 0.336564 98 234 332 452
helmet 0.31483 85 190 350 408
helmet 0.377444 128 82 349 460
helmet 0.410531 262 0 427 34
helmet 0.336931 126 86 350 455
helmet 0.691781 161 70 344 395
head 0.820188 202 50 356 305
head 0.788008 193 68 347 332
head 0.790096 190 74 344 340
head 0.786481 181 104 338 358
head 0.78803 187 100 343 360
head 0.703141 210 87 363 351
head 0.7331 202 85 360 352
head 0.762192 209 72 366 329
head 0.683233 233 49 397 336
helmet 0.821986 161 95 331 349
helmet 0.484701 4 112 66 178
helmet 0.625573 258 69 295 108
helmet 0.80032 158 62 365 349
helmet 0.486255 18 113 79 177
helmet 0.577305 257 57 295 96
helmet 0.747608 160 45 378 336
helmet 0.308807 261 58 304 100
helmet 0.686362 24 121 81 181
helmet 0.866069 164 52 380 337
helmet 0.574923 68 149 127 207
helmet 0.778615 183 59 399 355
helmet 0.356726 79 147 136 202
helmet 0.890657 181 66 400 354
helmet 0.283729 86 147 146 203
helmet 0.869456 190 66 366 334
head 0.534176 195 107 353 323
helmet 0.7897 190 80 356 335
head 0.566007 196 94 351 307
helmet 0.58986 191 82 354 323
helmet 0.782839 339 389 541 480
helmet 0.798146 380 302 622 480
helmet 0.60274 298 393 613 480
helmet 0.642835 301 384 616 480
helmet 0.591656 299 383 617 480
helmet 0.312075 283 396 570 480
helmet 0.682078 302 195 564 474
helmet 0.296118 11 241 281 480
helmet 0.52132 27 277 303 480
helmet 0.292602 31 255 325 477
helmet 0.343474 32 257 322 477
helmet 0.489611 9 298 264 480
helmet 0.270819 25 213 328 462
helmet 0.313585 102 451 195 480
helmet 0.311682 97 405 341 480
helmet 0.34986 127 405 339 479
helmet 0.287277 99 401 344 480
helmet 0.510136 2 304 264 480
helmet 0.812011 202 393 416 480
helmet 0.817754 182 387 400 480
helmet 0.782615 185 395 397 480
helmet 0.72408 195 409 399 480
helmet 0.721482 197 406 401 480
helmet 0.633519 200 413 393 480
helmet 0.556496 197 414 393 480
helmet 0.525704 195 417 392 480
helmet 0.631277 198 412 394 480
helmet 0.484079 4 285 284 480
helmet 0.308385 84 283 329 480
helmet 0.523891 4 327 235 480
helmet 0.41062 8 312 276 480
helmet 0.35082 14 305 289 480
helmet 0.330236 15 304 283 480
helmet 0.635102 61 311 293 479
helmet 0.84444 159 381 373 480
helmet 0.767007 149 387 364 480
helmet 0.837204 162 385 378 480
helmet 0.833524 169 384 382 480
helmet 0.837589 159 382 371 480
helmet 0.829426 171 375 387 478
helmet 0.850082 170 380 392 480
helmet 0.85709 161 383 377 480
helmet 0.831436 158 387 371 480
helmet 0.811196 150 383 369 480
helmet 0.812193 152 381 372 480
helmet 0.849591 160 383 377 480
helmet 0.84652 162 386 378 480
helmet 0.857947 162 388 378 480
helmet 0.70819 114 357 342 479
helmet 0.663538 36 339 318 479
helmet 0.744977 117 365 337 479
helmet 0.52615 64 342 308 480
helmet 0.766451 87 355 329 480
helmet 0.755947 102 365 339 479
helmet 0.755683 117 363 336 479
helmet 0.778664 117 369 336 479
helmet 0.797039 122 366 340 479
helmet 0.810287 138 375 360 479
helmet 0.807997 149 367 371 479
helmet 0.835522 130 375 348 480
helmet 0.280246 0 334 166 479
helmet 0.390003 92 389 337 480
helmet 0.336733 103 399 336 480
helmet 0.2502 105 398 333 480
helmet 0.293991 108 398 324 480
helmet 0.339144 106 399 330 480
helmet 0.312929 108 398 326 480
helmet 0.264722 98 397 332 480
helmet 0.345717 44 445 153 480
helmet 0.789057 200 395 405 480
helmet 0.848611 169 386 383 480
helmet 0.837967 172 384 392 480
helmet 0.83314 164 374 389 480
helmet 0.802585 161 372 384 480
helmet 0.809715 170 376 392 480
helmet 0.380974 134 359 396 480
helmet 0.58538 1 329 249 480
helmet 0.259131 2 408 240 479
helmet 0.402357 36 408 269 480
helmet 0.509765 55 284 333 480
helmet 0.343129 61 286 331 480
helmet 0.452938 61 283 330 480
helmet 0.357276 58 282 329 480
helmet 0.439068 61 283 328 480
helmet 0.406098 49 283 325 479
helmet 0.345477 59 284 328 480
helmet 0.748766 66 312 326 480
helmet 0.789295 69 317 328 479
helmet 0.741614 61 316 331 480
helmet 0.600143 45 301 329 479
helmet 0.487317 57 304 336 480
helmet 0.597514 47 306 329 479
helmet 0.676916 41 319 321 479
helmet 0.561788 25 326 314 480
helmet 0.515957 33 319 318 480
helmet 0.519524 90 295 337 479
helmet 0.363096 149 261 352 476
helmet 0.766062 115 309 374 479
helmet 0.752528 106 304 371 480
helmet 0.734416 99 301 369 480
helmet 0.556508 147 296 392 479
helmet 0.538478 154 295 398 479
helmet 0.564031 145 297 393 479
helmet 0.553412 153 301 384 480
helmet 0.588046 125 300 384 479
helmet 0.633384 124 300 384 479
helmet 0.66598 131 304 384 480
helmet 0.61371 139 302 383 480
helmet 0.816689 169 326 411 479
helmet 0.836859 215 341 446 480
helmet 0.778159 169 344 392 480
helmet 0.848364 107 331 363 478
helmet 0.852235 139 327 389 479
helmet 0.805008 189 300 441 480
helmet 0.871537 264 384 481 480
helmet 0.810533 259 392 471 480
helmet 0.814755 252 384 471 480
helmet 0.794996 236 391 458 480
helmet 0.82381 221 392 445 480
helmet 0.288063 183 2 414 107
helmet 0.298686 190 1 414 107
helmet 0.34383 210 441 326 480
helmet 0.302846 172 383 422 480
helmet 0.343232 362 3 640 115
helmet 0.255514 0 1 93 205
helmet 0.507525 213 69 412 304
head 0.512236 219 67 411 302
helmet 0.317367 40 199 69 230
helmet 0.477988 182 76 377 307
head 0.518326 186 70 376 303
helmet 0.508322 160 56 386 303
head 0.61217 238 84 419 326
head 0.808646 219 100 393 341
head 0.606998 209 99 392 343
head 0.816139 216 103 393 341
head 0.698096 223 104 402 343
helmet 0.702339 130 147 324 387
head 0.3585 148 144 343 383
helmet 0.648283 143 144 340 381
head 0.726894 196 122 380 357
helmet 0.561251 172 2 420 293
helmet 0.752519 120 115 373 420
helmet 0.669566 93 137 349 408
helmet 0.776227 156 128 373 436
helmet 0.775047 146 136 358 428
helmet 0.757197 172 78 365 350
helmet 0.688915 191 94 393 358
helmet 0.697478 189 98 393 364
helmet 0.700857 190 139 388 396
helmet 0.82491 161 189 382 473
helmet 0.802388 164 176 380 468
helmet 0.792671 168 179 384 463
helmet 0.766509 173 142 377 429
helmet 0.798589 165 141 377 431
helmet 0.790373 193 137 396 434
head 0.52978 186 111 367 329
helmet 0.739173 186 107 369 364
head 0.459214 198 122 373 339
helmet 0.530694 196 114 374 374
head 0.709037 192 123 367 367
head 0.704926 193 126 367 370
head 0.681705 194 126 367 372
helmet 0.700859 133 246 458 476
helmet 0.637785 198 44 441 373
head 0.281695 229 137 417 354
helmet 0.681251 225 119 417 370
helmet 0.782714 215 112 417 365
helmet 0.775888 216 113 419 371
helmet 0.808214 227 127 432 405
helmet 0.766262 205 135 408 420
head 0.340021 147 230 198 310
helmet 0.746087 178 113 375 393
helmet 0.780967 80 145 288 421
head 0.646922 144 95 330 347
head 0.775903 169 85 343 320
head 0.800501 172 91 343 326
head 0.784264 188 119 369 328
head 0.775605 185 117 366 310
head 0.665077 179 114 361 362
head 0.750636 173 116 354 349
head 0.378861 162 135 356 353
helmet 0.597965 157 123 355 367
head 0.322033 182 104 372 371
helmet 0.722636 173 106 372 371
helmet 0.443156 124 236 148 262
helmet 0.700274 179 96 391 367
helmet 0.738323 196 101 394 374
head 0.335301 197 123 398 340
helmet 0.741749 194 98 397 372
helmet 0.761783 200 70 406 371
helmet 0.603014 196 61 407 408
helmet 0.772992 199 66 413 388
helmet 0.59757 185 67 437 406
head 0.264697 142 152 354 370
helmet 0.665272 142 126 349 407
helmet 0.703132 160 139 356 413
helmet 0.727916 156 137 355 421
helmet 0.683692 154 145 350 430
helmet 0.705203 147 38 364 322
helmet 0.74385 293 81 483 357
helmet 0.74849 269 82 464 359
helmet 0.28864 5 139 282 469
helmet 0.289749 288 254 527 469
helmet 0.336596 118 451 210 480
helmet 0.661433 204 307 276 384
helmet 0.697745 231 55 421 396
helmet 0.736671 162 98 365 449
helmet 0.735293 137 94 372 448
helmet 0.719381 138 90 363 448
helmet 0.695994 137 83 364 437
helmet 0.625646 63 111 279 431
helmet 0.647016 160 57 367 348
helmet 0.549752 189 177 372 458
helmet 0.676919 170 99 361 413
head 0.79702 198 255 264 337
helmet 0.534237 180 166 372 476
helmet 0.704943 179 158 385 477
helmet 0.751117 186 142 402 445
helmet 0.776175 179 105 382 442
helmet 0.794416 302 124 351 180
head 0.734514 207 201 374 468
head 0.681868 209 145 379 402
head 0.776097 221 147 377 408
head 0.734279 220 118 377 386
helmet 0.561869 285 20 361 101
head 0.675173 339 154 402 225
head 0.617065 333 155 432 259
helmet 0.765238 134 66 333 403
helmet 0.662564 125 120 322 441
helmet 0.6689 121 137 307 468
helmet 0.657549 107 148 302 456
head 0.543997 119 149 297 457
helmet 0.602428 0 368 244 479
head 0.608225 306 140 380 216
helmet 0.633469 305 140 381 217
helmet 0.647239 183 116 493 362
head 0.721246 295 93 368 162
helmet 0.579754 193 122 495 363
head 0.594864 288 69 331 121
head 0.669592 298 94 370 163
helmet 0.64238 187 141 487 370
head 0.814573 293 102 364 170
head 0.562245 275 88 319 141
helmet 0.638716 182 149 491 389
head 0.816486 285 114 357 181
helmet 0.664228 161 157 457 390
head 0.708029 267 124 339 190
head 0.567545 246 344 314 405
helmet 0.680638 156 154 435 375
helmet 0.516934 307 0 628 359
helmet 0.773686 176 66 380 311
helmet 0.773686 176 66 380 311
helmet 0.802027 182 59 391 304
helmet 0.75115 193 46 400 298
helmet 0.75115 193 46 400 298
helmet 0.679678 237 83 448 332
head 0.833092 209 140 381 353
head 0.814337 236 129 404 344
head 0.864155 249 105 421 333
head 0.840867 248 101 429 321
head 0.809397 245 105 420 324
head 0.791997 246 110 422 342
head 0.605473 177 218 355 466
helmet 0.52222 175 211 368 467
head 0.501795 174 216 365 468
helmet 0.526693 171 216 366 469
helmet 0.623433 174 217 366 472
helmet 0.586331 173 225 371 473
helmet 0.582849 174 224 376 472
helmet 0.631626 180 221 374 473
head 0.536489 181 247 376 463
helmet 0.595937 186 217 382 472
helmet 0.737957 187 218 388 471
head 0.770596 314 241 430 377
head 0.542348 273 365 343 448
head 0.564267 171 213 347 457
head 0.568739 124 236 298 453
head 0.687607 122 229 306 470
head 0.734878 125 217 307 459
head 0.563169 128 207 309 459
head 0.648978 156 191 332 461
helmet 0.639787 210 141 414 450
helmet 0.639787 210 141 414 450
helmet 0.612815 177 204 397 476
helmet 0.612815 177 204 397 476
helmet 0.612815 177 204 397 476
helmet 0.612815 177 204 397 476
helmet 0.612815 177 204 397 476
helmet 0.612815 177 204 397 476
helmet 0.612815 177 204 397 476
helmet 0.612815 177 204 397 476
helmet 0.612815 177 204 397 476
helmet 0.612815 177 204 397 476
helmet 0.678196 158 166 374 454
helmet 0.678196 158 166 374 454
helmet 0.771683 159 165 370 464
head 0.652405 403 280 554 465
head 0.680554 185 410 269 480
head 0.792153 225 163 273 214
head 0.794493 241 198 281 243
head 0.843347 242 193 285 239
head 0.832449 244 190 284 236
head 0.848157 244 182 287 229
head 0.869194 247 181 288 227
helmet 0.748309 131 39 411 375
helmet 0.729826 115 60 384 373
helmet 0.664214 99 53 385 364
helmet 0.601844 103 55 379 363
head 0.682979 66 176 143 279
helmet 0.632233 95 68 375 372
helmet 0.703288 96 66 353 373
head 0.599962 48 187 126 291
helmet 0.699616 85 90 344 376
head 0.509045 35 190 115 292
helmet 0.660408 81 82 334 374
helmet 0.6972 89 72 338 386
helmet 0.6972 89 72 338 386
helmet 0.6972 89 72 338 386
helmet 0.6972 89 72 338 386
helmet 0.6972 89 72 338 386
helmet 0.634996 81 59 341 355
helmet 0.794026 132 182 402 475
helmet 0.708151 108 178 398 467
helmet 0.5733 157 134 437 421
helmet 0.723504 162 122 443 438
helmet 0.730275 164 127 443 450
helmet 0.730275 164 127 443 450
helmet 0.675257 185 50 430 377
helmet 0.608746 191 73 433 408
helmet 0.562636 190 45 436 391
helmet 0.732847 187 55 438 374
helmet 0.602215 219 134 492 470
helmet 0.622411 268 144 519 427
helmet 0.589305 349 327 420 401
helmet 0.576767 337 304 405 383
head 0.64995 180 63 389 265
helmet 0.651336 188 67 385 269
head 0.64995 180 63 389 265
helmet 0.651336 188 67 385 269
head 0.64995 180 63 389 265
helmet 0.651336 188 67 385 269
head 0.56186 227 122 409 365
head 0.715779 213 100 395 318
head 0.520419 176 61 363 312
head 0.524397 190 67 369 311
helmet 0.759774 189 72 376 315
helmet 0.749986 187 74 376 315
helmet 0.827004 184 73 375 317
helmet 0.725416 186 73 377 315
helmet 0.722665 187 73 376 313
helmet 0.794729 185 74 374 325
helmet 0.534558 191 74 375 311
head 0.536867 195 72 373 312
helmet 0.521618 187 75 374 316
head 0.59913 193 73 374 288
head 0.621431 196 73 375 288
helmet 0.568814 189 73 379 312
head 0.607338 192 73 379 289
helmet 0.53055 195 77 379 310
head 0.659259 204 74 377 288
helmet 0.592453 622 204 640 329
helmet 0.592453 622 204 640 329
head 0.678321 223 90 410 330
head 0.601331 222 91 409 339
helmet 0.521735 254 111 467 346
head 0.695057 204 135 374 417
head 0.687759 202 111 371 376
head 0.701248 195 101 366 369
head 0.754068 196 101 368 373
head 0.663218 197 106 370 387
head 0.555564 195 101 369 404
head 0.562025 193 101 370 412
head 0.633077 201 110 376 417
helmet 0.799472 70 115 305 435
helmet 0.799472 70 115 305 435
helmet 0.799472 70 115 305 435
helmet 0.730183 142 99 344 387
helmet 0.777406 142 100 342 388
helmet 0.777406 142 100 342 388
head 0.76702 220 107 380 375
head 0.756778 216 113 374 388
head 0.735169 219 110 381 382
head 0.730429 219 109 379 389
head 0.755695 218 116 378 392
head 0.663219 218 106 380 419
head 0.715818 209 120 371 406
head 0.705341 198 121 364 403
head 0.557061 195 127 365 400
head 0.583696 195 123 362 385
head 0.607669 195 124 360 385
head 0.725982 194 120 358 379
head 0.720941 194 125 356 378
head 0.770609 189 131 355 372
head 0.56137 186 132 354 411
head 0.592936 173 148 342 431
head 0.711227 172 163 339 464
head 0.577015 158 180 335 465
helmet 0.614412 266 465 331 480
helmet 0.521593 182 91 378 439
helmet 0.600149 175 94 373 448
helmet 0.636449 168 97 369 457
helmet 0.527602 174 110 371 450
helmet 0.5891 172 132 372 452
helmet 0.628267 174 97 371 455
helmet 0.610318 146 91 329 439
helmet 0.500514 133 143 316 445
helmet 0.775247 129 159 321 467
helmet 0.678484 131 157 319 460
helmet 0.507154 231 115 407 447
helmet 0.515583 187 145 383 409
head 0.556257 190 121 384 403
head 0.613258 193 152 388 399
head 0.781986 195 156 376 399
head 0.576429 195 155 385 399
head 0.717957 192 148 377 389
head 0.71181 192 145 378 386
head 0.71181 192 145 378 386
head 0.713682 190 142 380 390
head 0.664833 191 137 375 383
head 0.664833 191 137 375 383
head 0.666117 190 134 387 386
head 0.65366 193 135 378 384
head 0.622095 190 130 378 379
head 0.597701 191 130 383 385
head 0.761584 192 134 372 382
head 0.761584 192 134 372 382
head 0.58677 188 134 375 350
head 0.58677 188 134 375 350
head 0.626786 187 132 374 378
head 0.680607 185 132 370 375
head 0.680607 185 132 370 375
head 0.7822 159 118 332 355
head 0.823281 171 123 340 348
head 0.793275 174 115 343 342
head 0.790598 173 119 344 338
head 0.817369 176 127 347 334
head 0.826574 176 124 347 340
head 0.825196 177 123 350 342
head 0.783813 175 119 351 348
head 0.835355 184 118 351 348
head 0.816442 186 121 357 351
head 0.823625 184 122 355 353
head 0.783765 179 123 354 355
head 0.830175 187 128 360 356
head 0.763363 186 154 369 400
head 0.520529 370 0 378 7
helmet 0.840956 197 48 400 365
helmet 0.828799 225 69 424 370
helmet 0.798613 214 62 415 364
helmet 0.824273 209 62 405 367
helmet 0.832635 205 61 405 362
helmet 0.816085 207 66 405 367
helmet 0.759383 193 82 384 368
helmet 0.803086 200 84 394 366
helmet 0.770771 200 91 396 374
helmet 0.799055 195 88 392 379
helmet 0.805231 205 83 401 378
helmet 0.781863 203 91 404 373
helmet 0.82274 173 74 381 367
helmet 0.814889 178 72 376 368
helmet 0.807451 175 85 370 370
helmet 0.794945 167 89 373 367
helmet 0.759969 173 86 367 359
helmet 0.756149 172 87 368 364
helmet 0.785944 192 70 409 378
helmet 0.800747 177 78 397 384
helmet 0.770726 173 78 389 380
helmet 0.784268 172 70 390 378
helmet 0.820196 173 66 388 374
helmet 0.771989 171 67 388 381
helmet 0.795337 171 72 387 374
helmet 0.809286 165 70 386 378
helmet 0.818294 169 68 385 374
helmet 0.822013 166 71 385 376
helmet 0.814703 166 70 388 377
helmet 0.674358 190 75 430 337
helmet 0.62337 181 103 413 361
helmet 0.658301 188 8 427 301
helmet 0.812375 174 75 373 366
helmet 0.759289 212 83 404 378
helmet 0.776756 238 89 429 352
helmet 0.784106 242 88 436 359
helmet 0.740009 240 84 430 356
helmet 0.77774 243 84 430 377
helmet 0.791609 242 73 436 357
helmet 0.810801 241 67 435 361
head 0.796484 238 98 397 330
head 0.84307 213 113 371 330
head 0.857932 216 110 372 335
head 0.864901 221 106 372 325
head 0.865842 219 105 369 324
head 0.869354 220 106 373 324
head 0.864597 221 105 377 322
head 0.864087 219 103 373 324
head 0.874239 221 101 375 320
head 0.826212 243 102 406 329
head 0.814207 243 89 404 313
head 0.73071 224 112 392 342
head 0.796581 226 110 394 345
head 0.807435 225 111 391 346
head 0.826254 222 108 388 344
head 0.821385 219 111 386 343
head 0.815659 219 111 382 344
head 0.756239 219 109 390 342
head 0.856014 224 112 384 344
head 0.815126 218 115 390 352
head 0.797459 215 348 336 479
head 0.602559 157 159 331 458
head 0.588582 152 158 319 462
helmet 0.57444 147 157 320 466
helmet 0.514773 153 129 326 446
head 0.63645 153 136 328 430
head 0.58576 155 136 331 424
head 0.603276 153 132 329 426
head 0.542502 151 125 326 421
head 0.598443 155 132 321 429
head 0.745722 71 273 190 405
head 0.791565 211 298 335 417
head 0.59446 241 9 407 280
head 0.840817 238 115 357 321
head 0.826873 232 119 358 321
head 0.839735 236 119 357 322
head 0.839084 236 119 358 322
head 0.841465 235 120 358 323
head 0.844648 237 119 361 323
head 0.851686 237 120 362 322
head 0.834355 236 120 358 324
head 0.841564 236 120 360 325
head 0.833425 236 119 360 322
head 0.839995 236 120 359 326
head 0.840911 236 120 360 324
head 0.841635 238 119 362 324
head 0.834589 235 120 358 326
head 0.834344 234 120 358 327
head 0.837481 237 116 365 324
head 0.824126 242 115 370 329
head 0.853456 239 117 364 331
head 0.846 239 117 364 329
head 0.832285 239 116 367 329
head 0.84206 236 118 364 330
head 0.825017 225 124 363 331
head 0.842852 232 117 364 329
head 0.780204 230 120 351 327
head 0.699207 222 119 350 332
head 0.799724 220 120 345 330
head 0.78025 219 118 346 332
head 0.758995 256 123 399 350
head 0.633117 301 132 467 384
head 0.84109 270 104 414 348
head 0.741515 224 114 351 330
head 0.775682 218 118 348 328
head 0.815391 214 117 345 328
head 0.806931 213 118 343 327
head 0.821979 212 115 340 329
head 0.798607 197 119 325 326
head 0.75323 190 118 318 335
head 0.847186 238 132 355 323
head 0.832933 228 120 362 335
head 0.878528 233 121 365 328
head 0.818831 270 140 356 216
head 0.691787 253 126 368 292
head 0.818661 261 120 382 323
head 0.823563 262 120 385 321
head 0.83556 273 117 396 326
head 0.840622 236 122 355 323
head 0.836232 232 121 357 325
head 0.857487 237 118 363 321
head 0.846995 237 117 361 325
head 0.84844 235 119 359 330
head 0.809138 229 118 356 328
head 0.786869 226 118 357 330
head 0.761794 227 117 356 329
head 0.797153 227 116 355 325
head 0.810794 228 118 358 327
head 0.865896 233 116 361 327
head 0.871157 211 130 335 331
head 0.819291 229 124 355 323
head 0.827227 225 127 341 328
head 0.892572 527 73 637 217
head 0.847291 222 130 345 325
head 0.819657 226 130 345 324
head 0.865084 436 61 528 191
head 0.883708 244 130 363 324
head 0.855575 241 130 354 323
head 0.880477 344 112 413 222
head 0.867611 369 127 434 224
head 0.872946 241 132 356 326
head 0.874554 240 131 358 322
head 0.893428 385 154 446 243
head 0.874034 239 130 356 325
head 0.907881 392 152 454 243
head 0.852229 236 130 354 325
head 0.91361 392 152 452 239
head 0.843469 235 130 354 325
head 0.895268 383 150 444 244
head 0.841097 384 144 448 236
head 0.845267 234 130 355 327
head 0.82435 235 128 351 330
head 0.900167 368 146 431 244
head 0.823287 234 128 353 330
head 0.908883 371 131 439 234
head 0.810125 222 129 344 326
head 0.906186 365 138 430 235
head 0.813385 231 126 356 327
head 0.90052 464 112 539 222
helmet 0.512229 588 1 639 106
head 0.67012 589 1 640 103
head 0.778191 229 127 352 328
head 0.814681 230 128 354 324
head 0.84003 232 129 356 326
head 0.85638 233 129 356 326
head 0.841231 232 129 357 327
head 0.813585 231 127 357 330
head 0.794229 231 126 355 331
head 0.79698 232 127 354 331
head 0.79 231 127 353 327
head 0.783937 222 128 348 326
head 0.792122 227 123 355 324
head 0.826504 449 58 565 224
head 0.759196 228 126 352 328
head 0.867028 373 117 476 270
head 0.744842 229 126 349 328
head 0.869558 372 146 469 294
head 0.821446 225 128 346 333
head 0.84772 368 153 463 304
head 0.775526 222 126 346 333
head 0.848406 365 147 461 295
head 0.811282 221 128 341 328
head 0.878946 359 147 455 290
head 0.817238 220 127 343 329
head 0.903229 356 144 451 289
head 0.820299 220 128 339 333
head 0.907543 358 141 452 282
head 0.838961 212 127 335 336
head 0.900883 356 146 450 289
head 0.858553 213 127 328 307
head 0.893106 355 146 448 292
head 0.864567 216 130 336 338
head 0.906591 357 144 451 288
head 0.82945 220 128 342 329
head 0.898401 355 144 446 287
head 0.803377 224 129 341 331
head 0.896074 344 136 429 266
head 0.814427 220 129 341 328
head 0.883006 385 137 477 268
head 0.777964 468 18 564 163
head 0.787808 225 126 353 329
head 0.789529 225 121 354 327
head 0.657267 583 1 640 125
head 0.713341 223 122 352 327
head 0.743379 226 124 354 327
head 0.850231 425 87 534 249
head 0.755114 224 122 354 330
head 0.901731 397 142 488 282
head 0.759315 219 124 348 331
head 0.904919 397 148 488 280
head 0.792984 221 124 348 327
head 0.893326 382 152 472 285
head 0.782373 223 124 350 328
head 0.898097 382 149 472 283
head 0.780905 225 125 351 325
head 0.894441 388 140 479 279
head 0.755618 221 122 343 325
head 0.893824 426 100 511 224
head 0.867068 211 127 334 329
head 0.897065 417 114 492 228
head 0.883162 526 2 622 149
head 0.884183 154 146 284 342
head 0.89783 185 135 308 340
head 0.881747 177 136 306 342
head 0.857603 165 138 297 344
head 0.876998 179 134 308 341
head 0.80522 215 123 349 328
head 0.833222 215 125 343 327
head 0.842195 216 126 342 329
head 0.826963 214 126 343 330
head 0.860169 210 126 338 333
head 0.777059 178 63 338 335
head 0.555256 261 61 393 171
head 0.621342 222 2 373 169
head 0.824992 221 33 345 249
head 0.775508 226 17 358 245
helmet 0.505884 131 1 318 204
head 0.880033 210 4 342 217
head 0.828061 211 14 339 230
head 0.824606 205 12 335 235
head 0.817664 204 13 334 236
head 0.813842 205 13 335 230
head 0.774002 189 16 316 234
head 0.844381 207 27 330 239
head 0.827981 201 26 332 238
head 0.830685 204 25 332 239
head 0.79028 196 25 327 239
head 0.788104 188 25 320 240
head 0.841051 202 26 335 241
head 0.836347 203 24 335 241
head 0.854307 209 24 338 240
head 0.848371 209 25 338 238
head 0.846598 206 23 338 240
head 0.800421 199 25 329 241
head 0.853924 206 21 336 237
head 0.850899 203 22 334 238
head 0.840379 203 23 333 238
head 0.836242 201 23 331 240
head 0.838127 195 24 330 241
head 0.892807 206 30 339 231
head 0.730114 253 48 357 230
head 0.863465 267 49 399 258
head 0.76769 241 24 359 229
head 0.899989 209 58 330 242
head 0.831119 134 66 287 286
head 0.854783 133 69 281 287
helmet 0.719001 218 85 341 250
head 0.594582 228 57 353 245
helmet 0.861202 183 29 379 247
head 0.766825 220 77 333 255
helmet 0.915482 192 34 366 242
helmet 0.906042 201 47 361 232
helmet 0.937378 181 47 368 235
helmet 0.941454 178 43 364 239
helmet 0.940863 179 43 365 237
helmet 0.939156 178 42 365 239
helmet 0.932613 174 32 364 245
helmet 0.933556 170 33 362 249
helmet 0.936977 162 28 359 248
helmet 0.91374 147 21 341 260
head 0.682733 145 91 299 294
head 0.746342 79 89 244 302
head 0.625154 86 89 247 306
head 0.711686 232 66 345 272
head 0.810539 228 57 335 238
head 0.656019 221 14 338 246
head 0.744962 302 72 385 181
head 0.785076 224 80 334 258
head 0.733793 206 42 334 260
head 0.76019 212 53 337 263
head 0.705962 207 46 336 265
head 0.649808 206 38 333 267
head 0.717841 204 46 335 261
head 0.783252 206 48 334 261
head 0.703791 195 48 326 261
head 0.738658 204 83 323 244
head 0.870836 221 71 341 257
head 0.882742 155 81 285 280
head 0.601946 26 284 119 385
head 0.874391 136 90 281 295
head 0.896347 245 66 354 226
helmet 0.544322 192 15 354 260
head 0.643897 416 201 482 273
helmet 0.909527 183 41 378 258
helmet 0.934684 173 33 369 262
helmet 0.937227 167 32 367 264
helmet 0.936668 166 32 366 265
helmet 0.937622 165 32 366 266
helmet 0.937353 165 32 366 266
helmet 0.937831 165 32 367 267
helmet 0.937272 153 34 363 265
helmet 0.936416 188 26 393 265
helmet 0.603219 159 5 357 260
head 0.835426 235 56 356 261
head 0.825141 221 67 354 280
head 0.849199 201 64 337 282
head 0.794392 189 68 331 286
head 0.870582 166 86 307 290
head 0.842845 244 68 378 285
head 0.656632 372 85 517 309
head 0.843305 241 64 357 239
head 0.544173 230 116 349 267
head 0.542161 220 82 352 249
helmet 0.598492 187 74 379 260
helmet 0.510993 188 74 379 259
helmet 0.622404 183 74 378 260
helmet 0.546554 179 73 378 261
helmet 0.665494 187 74 376 260
helmet 0.555916 174 71 370 261
helmet 0.595505 163 71 368 263
head 0.703216 211 76 336 282
head 0.905459 237 76 352 255
head 0.892091 259 48 404 272
head 0.865773 239 12 373 239
helmet 0.698738 155 1 339 209
head 0.826817 217 21 339 225
helmet 0.581211 327 400 572 480
head 0.839282 205 8 333 220
head 0.817694 171 4 307 224
helmet 0.833795 334 392 548 480
head 0.764265 185 4 321 229
head 0.795707 185 5 329 226
head 0.822277 190 4 327 223
head 0.676721 14 44 152 239
head 0.819929 243 21 359 225
head 0.50513 18 94 157 248
head 0.866131 243 24 364 227
head 0.501068 55 0 100 53
head 0.581444 96 8 140 58
head 0.592132 21 58 170 246
head 0.865693 242 23 365 229
head 0.872902 243 23 365 229
head 0.804825 0 95 47 203
head 0.839276 243 22 364 227
helmet 0.523705 3 223 75 295
head 0.832949 242 21 363 228
head 0.819605 238 21 360 230
head 0.822201 236 20 359 230
head 0.777761 240 18 355 228
head 0.560487 68 128 119 188
head 0.681703 95 147 156 226
head 0.804115 240 19 362 229
head 0.829121 239 19 360 233
head 0.508342 76 122 124 185
head 0.672445 104 141 166 216
head 0.794705 234 19 359 232
head 0.788709 237 19 358 231
head 0.801269 238 19 360 229
head 0.801187 236 19 359 230
head 0.850311 204 15 341 238
helmet 0.596525 312 395 496 480
head 0.852628 212 34 350 253
head 0.861664 226 32 360 236
head 0.861318 258 44 365 226
head 0.853118 248 36 363 233
head 0.796719 256 28 378 246
head 0.797696 234 31 360 243
head 0.796105 225 30 353 243
head 0.808684 224 31 352 243
head 0.795931 221 31 351 241
head 0.829057 213 25 338 236
head 0.807393 208 5 341 229
head 0.785496 206 5 352 234
head 0.817494 205 7 351 242
head 0.858268 203 8 348 242
head 0.827072 202 7 352 240
head 0.846413 202 7 350 241
head 0.762162 216 7 360 238
head 0.725036 2 351 157 480
head 0.806488 207 7 352 240
head 0.844832 200 8 345 246
head 0.801491 0 362 147 480
head 0.814524 205 8 347 243
head 0.806013 209 8 350 240
head 0.817593 208 7 351 239
head 0.825214 209 8 351 239
head 0.759983 222 5 362 232
head 0.761807 217 6 356 234
head 0.782269 208 7 355 241
head 0.744982 217 9 357 238
head 0.795987 228 9 364 232
head 0.827161 209 10 349 233
head 0.817857 208 10 349 236
head 0.831729 208 10 349 238
head 0.835793 208 11 349 236
head 0.828324 200 9 338 242
head 0.801379 198 9 344 245
head 0.849591 202 9 340 241
head 0.838034 205 10 349 244
head 0.845116 203 10 349 240
head 0.85234 206 11 348 238
head 0.836696 205 10 349 239
head 0.843832 206 10 349 239
head 0.847917 207 10 349 232
head 0.836976 208 10 351 238
head 0.831474 208 9 351 237
head 0.817203 208 9 351 238
head 0.82994 209 10 351 240
head 0.815823 206 9 352 240
head 0.786485 210 9 354 240
head 0.774283 212 8 356 240
head 0.7614 212 8 357 239
head 0.726141 216 7 358 239
head 0.747792 224 8 365 233
head 0.781245 225 9 366 238
head 0.824686 231 10 371 230
head 0.858522 1 325 143 480
helmet 0.579952 333 329 584 480
head 0.764012 191 7 330 237
head 0.833466 194 14 337 241
head 0.834478 194 14 339 240
head 0.893714 243 24 362 225
head 0.831884 224 38 347 237
head 0.871867 218 37 337 237
head 0.855495 219 37 338 236
head 0.857468 214 36 339 238
head 0.869562 214 37 338 243
head 0.857946 211 33 331 239
head 0.867029 210 34 337 241
head 0.861611 211 34 336 239
head 0.863711 211 34 332 240
head 0.854208 214 34 338 240
head 0.863994 212 34 338 241
head 0.858285 214 35 338 241
head 0.856807 213 34 337 245
head 0.846102 214 32 342 243
head 0.86362 210 32 340 239
head 0.847303 213 33 338 244
head 0.846516 213 41 345 254
head 0.795702 195 46 328 259
head 0.865839 183 55 312 256
head 0.883204 211 49 333 248
head 0.847398 234 41 350 242
head 0.860697 213 43 340 250
helmet 0.680461 170 23 370 245
helmet 0.858471 174 16 378 241
helmet 0.920348 175 27 372 241
helmet 0.927933 162 20 361 240
helmet 0.906966 150 14 352 242
helmet 0.937427 147 16 348 243
helmet 0.939383 146 16 348 244
helmet 0.935398 146 16 349 243
helmet 0.942291 146 15 348 248
helmet 0.949109 130 16 339 252
helmet 0.945005 132 17 339 251
helmet 0.931596 173 35 364 248
head 0.897822 222 59 333 244
head 0.862766 222 41 340 235
head 0.875388 224 44 341 236
head 0.85554 218 38 337 239
head 0.862517 212 36 335 240
head 0.877918 212 37 336 240
head 0.872173 210 37 333 242
head 0.857228 210 37 331 242
head 0.863423 209 37 330 242
head 0.867429 211 57 321 246
head 0.723813 230 60 330 171
head 0.886234 230 55 328 173
head 0.836324 230 55 331 172
head 0.826188 229 55 332 173
head 0.750782 227 53 326 162
head 0.859673 243 57 352 243
head 0.885552 241 55 352 240
head 0.882177 241 55 351 239
head 0.892062 240 56 350 239
head 0.873623 238 58 344 231
head 0.907791 225 69 332 242
head 0.903708 229 67 334 242
head 0.904671 228 66 335 241
head 0.899399 229 65 335 242
head 0.900429 229 65 335 243
head 0.907402 228 66 335 242
head 0.903188 228 66 335 242
head 0.846601 229 74 339 244
head 0.860867 225 69 339 248
head 0.848577 225 74 343 264
head 0.895534 212 71 316 244
head 0.867192 211 57 322 245
head 0.880658 206 56 317 242
head 0.857087 211 44 331 247
head 0.843706 197 46 318 250
head 0.830313 201 46 321 248
head 0.852685 220 41 342 247
head 0.856662 211 41 336 248
head 0.857007 204 40 328 249
head 0.839963 204 40 330 249
head 0.832248 197 39 325 246
head 0.842648 200 39 328 245
head 0.827565 200 39 326 246
head 0.826971 200 39 325 245
head 0.838309 195 39 323 246
head 0.849714 195 39 323 246
head 0.840045 192 38 321 246
head 0.83509 194 39 323 248
head 0.839119 202 39 330 247
head 0.837872 207 29 340 246
head 0.845307 202 33 342 252
head 0.85592 201 33 342 257
head 0.855713 203 33 342 257
head 0.857914 201 34 340 256
head 0.857619 203 34 341 251
head 0.826464 200 34 336 254
head 0.827676 196 34 336 256
head 0.838718 193 36 328 253
head 0.839188 192 36 326 254
head 0.826598 193 36 327 255
head 0.830753 194 36 329 254
head 0.825219 196 36 330 253
head 0.829672 193 36 326 254
head 0.830008 191 36 329 253
head 0.81819 192 36 327 255
head 0.811786 193 35 330 254
head 0.81209 192 36 327 255
head 0.812364 190 36 326 255
head 0.811672 189 37 327 256
head 0.818803 191 36 325 256
head 0.818037 188 32 317 246
head 0.836563 192 34 322 247
head 0.864548 202 34 335 245
head 0.836329 197 33 331 247
head 0.831354 194 33 331 248
head 0.836198 195 34 324 245
head 0.832314 195 34 326 245
head 0.825369 194 34 329 246
head 0.842655 187 34 317 248
head 0.826588 207 30 339 246
head 0.859214 205 31 338 245
head 0.865678 203 31 339 246
head 0.867351 204 32 337 247
head 0.867006 203 33 335 243
head 0.864885 203 33 337 244
head 0.855891 202 33 333 244
head 0.861847 201 33 335 246
head 0.852925 202 33 332 246
head 0.859195 205 33 341 251
head 0.874747 203 35 337 249
head 0.863838 203 34 337 249
head 0.869597 202 35 336 250
head 0.858153 201 36 335 248
head 0.848884 201 36 335 248
head 0.854629 200 36 336 249
head 0.838431 200 36 336 250
head 0.833147 200 36 335 249
head 0.872157 201 36 336 249
head 0.854182 200 36 335 251
head 0.861916 201 36 336 252
head 0.846027 201 36 332 253
head 0.842058 202 37 335 254
head 0.87805 206 37 340 248
head 0.869721 204 37 338 251
head 0.873002 204 38 337 252
head 0.871369 204 37 334 248
head 0.86452 204 37 335 249
head 0.858822 201 36 337 254
head 0.866971 203 36 336 253
head 0.858512 202 36 337 252
head 0.860235 202 36 336 253
head 0.868726 203 36 338 251
head 0.852878 202 36 337 254
head 0.862396 202 36 337 254
head 0.861377 200 36 336 254
head 0.871076 207 35 337 242
head 0.851379 205 64 324 259
helmet 0.566696 187 1 363 249
helmet 0.730129 176 31 414 255
helmet 0.851773 191 8 455 242
helmet 0.840942 178 14 409 231
helmet 0.858551 177 8 400 247
helmet 0.923982 152 10 372 253
helmet 0.913097 146 11 363 252
helmet 0.911948 138 11 360 252
helmet 0.607669 172 17 387 251
head 0.839722 192 56 316 252
head 0.854498 207 52 324 244
head 0.882875 211 53 334 246
head 0.885384 214 51 338 247
head 0.88723 210 50 336 246
head 0.870508 207 47 333 246
head 0.872793 210 49 336 249
head 0.874223 209 49 335 247
head 0.862086 190 50 317 248
head 0.825933 201 49 328 251
head 0.864058 216 64 333 255
head 0.642193 242 86 354 258
helmet 0.914436 196 45 389 257
helmet 0.881572 221 51 416 253
helmet 0.865323 216 43 423 256
helmet 0.868527 188 35 403 261
helmet 0.910672 183 35 386 259
helmet 0.870861 186 43 393 263
helmet 0.922137 179 42 382 260
helmet 0.927154 197 52 390 248
helmet 0.898727 202 53 402 250
helmet 0.902702 194 49 400 250
helmet 0.901395 194 35 384 248
helmet 0.828667 189 8 387 237
head 0.783785 221 55 333 251
head 0.532786 206 71 347 254
helmet 0.540256 201 72 346 252
helmet 0.679652 215 63 341 244
helmet 0.7066 200 30 372 243
helmet 0.641476 194 27 376 244
helmet 0.708456 198 30 372 243
helmet 0.652849 196 32 376 242
helmet 0.605212 196 34 370 240
helmet 0.845403 176 38 376 248
helmet 0.802605 181 39 376 247
helmet 0.508924 200 93 331 252
head 0.857535 187 55 307 253
head 0.844535 190 46 315 250
head 0.845053 183 45 314 252
head 0.838451 190 36 322 247
head 0.820843 191 36 324 246
head 0.846042 188 40 321 246
head 0.852063 183 38 316 249
head 0.866582 179 40 313 252
head 0.861922 181 41 318 250
head 0.841998 138 44 277 263
head 0.772592 226 63 347 265
head 0.856532 188 73 315 274
head 0.842357 166 76 307 284
head 0.796112 256 57 391 265
head 0.894371 244 35 375 241
head 0.835746 209 36 344 257
head 0.873167 204 39 338 256
head 0.860757 206 40 339 260
head 0.780042 231 32 361 257
head 0.851919 236 34 369 259
head 0.608292 8 316 211 480
head 0.843477 235 35 367 260
head 0.867638 238 37 368 259
head 0.868966 202 38 341 255
head 0.861062 207 36 341 252
head 0.865485 200 38 340 255
head 0.865586 200 37 339 257
head 0.861795 199 38 337 255
head 0.869339 210 41 339 259
head 0.87178 204 41 338 253
head 0.863948 202 40 340 252
head 0.858579 210 38 344 253
head 0.874591 209 40 339 254
head 0.87759 207 41 341 254
head 0.878314 207 40 341 255
head 0.86799 207 40 340 255
head 0.847934 198 38 340 256
head 0.853271 211 38 342 256
head 0.875737 208 38 341 255
head 0.880064 205 39 341 254
head 0.859527 200 40 340 257
head 0.856537 200 41 340 259
head 0.844866 198 41 340 258
head 0.856432 200 41 341 258
head 0.863847 204 40 341 256
head 0.863115 202 41 340 258
head 0.860768 207 40 346 259
head 0.852168 199 40 340 258
head 0.572088 528 387 638 480
helmet 0.585891 524 386 640 480
head 0.840449 196 39 335 255
head 0.842331 194 39 335 254
head 0.500715 531 387 639 480
helmet 0.567979 528 386 640 480
head 0.813845 181 40 320 258
head 0.579368 533 383 637 480
head 0.819367 181 39 319 254
head 0.827126 190 39 327 254
head 0.849427 191 39 329 253
head 0.852396 187 40 327 252
head 0.887513 153 49 283 249
head 0.824175 202 49 327 249
head 0.89707 213 46 335 244
head 0.849833 205 45 329 250
head 0.825086 222 35 354 252
head 0.841397 214 35 349 248
head 0.864279 205 37 343 251
head 0.849339 217 44 349 254
head 0.84656 232 42 369 257
head 0.837547 189 46 321 251
head 0.858333 171 52 301 255
head 0.804267 195 48 325 254
head 0.870943 206 52 339 258
head 0.870459 208 53 334 253
helmet 0.91443 169 32 371 255
helmet 0.940391 129 32 332 258
helmet 0.917526 173 45 370 252
helmet 0.939597 184 44 378 250
helmet 0.942577 190 44 379 250
helmet 0.944058 176 31 374 248
helmet 0.936371 180 46 372 251
helmet 0.927651 171 43 365 254
head 0.858497 210 49 343 262
head 0.769118 224 54 356 261
head 0.875059 210 55 336 251
head 0.869342 211 61 333 249
head 0.836428 204 55 330 252
head 0.81727 194 50 328 254
head 0.803954 199 50 329 254
head 0.834637 197 50 330 254
head 0.830664 191 47 320 254
head 0.855071 202 44 336 256
head 0.85914 210 42 342 253
head 0.795143 190 42 329 261
head 0.843411 178 46 309 260
head 0.851805 171 48 307 260
head 0.850143 177 48 307 254
head 0.873949 176 47 307 255
head 0.827675 183 45 317 258
head 0.814987 338 58 469 249
head 0.849744 267 60 384 247
head 0.897348 219 88 333 275
head 0.865888 230 123 335 306
head 0.875592 238 126 342 305
head 0.872398 239 128 341 305
head 0.876037 241 127 342 306
head 0.877776 241 127 344 304
head 0.903262 243 128 344 305
head 0.826413 202 129 313 311
head 0.878877 211 129 318 310
head 0.902397 226 131 329 310
head 0.887559 227 132 329 310
head 0.841352 234 132 338 310
head 0.874008 230 131 334 311
head 0.90097 228 131 331 308
head 0.802735 227 133 346 323
head 0.881789 220 133 327 317
head 0.700155 121 139 180 209
head 0.876394 210 134 322 314
helmet 0.912865 171 110 354 313
helmet 0.929643 182 124 358 309
helmet 0.926628 178 123 354 313
helmet 0.924391 173 127 348 307
helmet 0.922804 175 124 349 309
helmet 0.929234 171 122 346 311
helmet 0.928768 171 121 348 311
helmet 0.924776 175 121 351 312
helmet 0.914001 173 117 351 312
helmet 0.56003 125 3 357 251
helmet 0.795175 120 3 401 234
helmet 0.891739 180 7 384 260
helmet 0.9193 190 118 364 310
head 0.74772 228 132 332 309
head 0.83727 234 134 336 309
head 0.885799 213 135 320 313
head 0.878096 192 135 306 324
head 0.827158 195 133 310 322
head 0.897822 224 134 328 305
head 0.906362 227 134 330 305
head 0.893334 224 137 328 311
head 0.872729 224 134 330 317
